Aufgabe 3 Nutation 
kreisel in hz,  nutation in hz
18.7 , 9.8
18.2 , 9.5
17.8 , 9.1
17.3 , 8.9
17 , 8.8
16.5 , 8.5 
16 , 8.2
15.5, 8.1
15 , 7.7
14.5 , 7.6
14 , 7.4
13.5 , 7
13 , 6.8
12.5 , 6.6
12 , 6.2
11.5 , 5.8
11 , 5.4
10.5 , 5.2
10 , 5
9.5 , 4,7
9 , 4.5
8.5 , 4.2
8 , 4.0
7.5 , 3.6
7 , 3,4
6.5 , 3,6
6 , 2.9
5.5 , 2.5
5 , 2.2 
4.5 , 1.8
4 , 1.6
3.5 , 1.2

Zweiter teil mit gewichten

Abstand 374mm
Durchmesser 40mm
kreisel in hz,  nutation in hz
19 , 6
18.5 , 5.8
18, 5.8
17.5, 5.6
17, 5.2
16.5, 5 
16, 4.85
15.5, 4.7
15, 4.5
14.5, 4.4
14, 4.2
13.5, 4
13, 4
12.5, 3.9
12, 3.7
11.5, 3.4
11, 3.3
10.5, 3.1
10, 2.9
9.5, 2.8
9, 2.6
8.5, 2.5
8, 2.4
7.5, 2.2
7, 2.1
6.5, 1.9
6, 1.8
5.5, 1.6
5, 1.5
4.5, 1.4
4, 1.2
3.5, 1


Aufgabe 5
175mm von kreisel - schwerpunkt
gesammt länge 420mm
hz, s
25.5, 11.8
24.5, 12
23.5, 11
23, 10.7
22.5, 10.4
22, 10.3
21, 10
20.5, 10
20, 9.8
19, 9,3
18.5, 8.9
18, 8.3
17.5, 8.3
17, 7.8
16.5, 8
16, 7.5
15.5, 7.3
15, 7.2
14.5, 6.9
14, 6.8
13.5, 6.5
13, 6.2
12.5, 5.78
12, 5.6
ab jetzt immer 2 messrunden
11.5, 10
11, 10
10.5, 9.6
9.5, 9.1
9, 8.1
8.5, 7.9
8, 7.6
7.5, 6.8
6.5, 6.2
6, 5.7
5.5, 5.3








