Aufgabe 1.1


Hall sonde in mV; +0.01 Offset
Werte mit Offset

1A +- 0.02

1 0.11
2 0.11
3 0.11
4 0.11 
5 0.11
6 0.11
7 0.11
8 0.11
9 0.11
10 0.11
11 0.11 
12 0.09

1.5A +- 0.02

1 0.14
2 0.15
3 0.15 
4 0.14
5 0.15 
6 0.15
7 0.15
8 0.15 
9 0.15
10 0.15
11 0.14 
12 0.12 

2A +- 0.02 

1 0.18
2 0.19
3 0.19
4 0.18
5 0.19
6 0.19
7 0.19
8 0.18
9 0.18
10 0.18 
11 0.17 
12 0.14 


1.2

Spulenstrom in A +- 0.02 ; Hallspanung in mV 
Offset +0.03

0.08 0.09
0.16 0.12
0.24 0.15
0.32 0.18
0.4 0.21
0.48 0.24
0.56 0.27
0.64 0.30
0.72 0.33
0.8 0.36


1.4 



























